0.732603
0.735038
0.730999
0.732765
0.73005
0.736649
0.729379
0.742108
0.739867
0.736498
0.740298
0.741187
0.736815
0.732603
0.732806
0.736498
0.741993
0.729446
0.7468
0.737091
0.734237
0.738527
0.739487
0.750803
0.747007
0.746086
0.743941
0.756934
0.747826
0.750501
0.756054
0.750901
0.752866
0.757327
0.75578
0.750355
0.757256
0.750213
0.754301
0.754016
0.751944
0.755747
0.752849
0.75559
0.755704
0.750351
0.751698
0.75129
0.751081
0.753454
0.752895
0.750348
0.749645
0.749913
0.753885
0.750382
0.752926
0.750469
0.752753
0.750979
0.750942
0.752005
0.750338
0.751731
0.752107
0.749819
0.748126
0.750894
0.749315
0.750068
0.750355
0.749302
0.748741
0.750566
0.747699
0.749252
0.750799
0.749525
0.749095
0.750197
0.747694
0.748742
0.749832
0.748764
0.748715
0.748648
0.750067
0.748023
0.749429
0.750726
0.749429
0.749442
0.749542
0.749148
0.748592
0.75039
0.748828
0.746952
0.748914
0.748726
0.74889
0.748978
0.748568
0.749319
0.749704
0.750223
0.748151
0.749951
0.748524
0.74971
0.748787
0.749034
0.748261
0.749739
0.750709
0.749509
0.749744
0.749543
0.748738
0.747948
0.750709
0.749114
0.747846
0.748801
0.749515
0.747716
0.749659
0.751436
0.749455
0.749197
0.747982
0.748921
0.749569
0.748814
0.750501
0.748781
0.750149
0.749454
0.748867
0.748601
0.748424
0.747849
0.749034
0.748187
0.748817
0.747877
0.747974
0.749413
0.748787
0.750709
0.748645
0.749493
0.749516
0.751257
0.748781
0.747988
0.748921
0.747909
0.748771
0.750709
0.74869
0.749492
0.74932
0.750476
0.749563
0.749469
0.749469
0.751517
0.749469
0.74965
0.749388
0.748806
0.747809
0.750004
0.748562
0.750457
0.750395
0.747556
0.750688
0.748841
0.749805
0.749379
0.749348
0.748167
0.748284
0.750452
0.750004
0.751702
0.748944
0.748777
0.749685
0.750442
0.750571
0.750473
0.748626
0.748426
0.748887
0.749385
0.750427
0.7504
